%YAML:1.0
---
hogsvm: !!opencv-object-detector-hog
   winSize: [ 64, 128 ]
   blockSize: [ 16, 16 ]
   blockStride: [ 8, 8 ]
   cellSize: [ 8, 8 ]
   nbins: 9
   derivAperture: 1
   winSigma: 4.
   histogramNormType: 0
   L2HysThreshold: 2.0000000000000001e-01
   gammaCorrection: 1
   nlevels: 64
   signedGradient: 0
   SVMDetector: [ -9.08652693e-03, -4.21565063e-02, -1.35446507e-02,
       -4.95488523e-03, 1.55549427e-03, -3.42202676e-03, 1.56204961e-02,
       -6.05934206e-03, 8.98162182e-03, 1.71050914e-02, -1.58440899e-02,
       1.31887607e-02, -1.90606585e-03, 3.96656096e-02, 5.52805290e-02,
       2.15318184e-02, 1.06002707e-02, 4.81202379e-02, 2.44587976e-02,
       -5.69084287e-03, 1.40823955e-02, 2.92946510e-02, -1.73993167e-02,
       -1.86494924e-02, -8.87976959e-03, -7.09989714e-03, 1.59629658e-02,
       5.06248651e-03, 1.14338407e-02, 2.36531515e-02, 2.10623946e-02,
       1.19588096e-02, 3.01852692e-02, 2.51046065e-02, -1.26722874e-03,
       4.30075126e-03, 1.30850011e-02, -3.21677960e-02, 3.17752361e-03,
       -2.22137701e-02, 3.21529247e-02, 3.27197798e-02, 5.62973879e-03,
       1.09402360e-02, 3.48860174e-02, 2.83822306e-02, 1.81096345e-02,
       -5.95409889e-03, 7.59537937e-03, 6.10384066e-03, -1.39919249e-02,
       3.83008569e-02, 3.88085917e-02, 8.20156466e-03, -1.95515547e-02,
       -9.32997931e-03, 1.29405186e-02, 1.03383614e-02, 2.54856725e-03,
       1.60866268e-02, 1.93732176e-02, 7.78239872e-03, 5.15045179e-03,
       -6.77496754e-03, 1.08066259e-03, 2.78540701e-03, 2.70303264e-02,
       -2.23773569e-02, -1.55385304e-02, 5.27992472e-03, 1.40763558e-02,
       6.50745770e-03, 2.77408329e-03, 4.45914501e-03, 1.85122713e-03,
       2.04120129e-02, 1.25725726e-02, -1.44014526e-02, 8.19182210e-03,
       -1.16662504e-02, 8.92721117e-04, -2.44927034e-03, 2.18968727e-02,
       2.75433902e-02, 5.21450303e-03, -1.25176681e-03, 1.24195358e-02,
       1.62903965e-02, -1.21942721e-02, 2.72650970e-03, 3.81856412e-03,
       -7.48482198e-05, -7.50583567e-05, 2.52797324e-02, 3.38780088e-03,
       3.64171644e-03, -2.71441275e-03, -6.39378419e-03, -7.24744797e-03,
       2.20317245e-02, -1.11270696e-02, -3.81624140e-03, 3.87227582e-03,
       1.29136061e-02, -8.23373813e-03, -2.10610963e-02, -1.81209631e-02,
       -3.56271444e-03, -2.26161461e-02, 3.48840468e-02, 7.59253651e-03,
       1.55236255e-02, 1.86829641e-02, 5.25695086e-03, 6.91450574e-03,
       1.35973282e-02, 1.28415199e-02, -1.33993365e-02, 1.41494367e-02,
       -4.64242697e-02, -3.18271294e-02, 2.49327458e-02, -1.14310263e-02,
       -7.21114175e-03, 1.46850934e-02, 8.37513478e-04, 9.01456177e-03,
       2.01425683e-02, -2.35334388e-03, 2.11973507e-02, 5.00690145e-03,
       -1.06854020e-02, -5.05449902e-03, -4.87082638e-03, 1.24463001e-02,
       -1.81763712e-02, 2.11879914e-03, -1.12580378e-02, -2.10282281e-02,
       -2.84568183e-02, -1.29277352e-02, -1.00379884e-02,
       -3.13991085e-02, -1.32618565e-02, 2.20738730e-04, 2.38920785e-02,
       -2.64239907e-02, -6.94973860e-03, 4.51509617e-02, -5.29602962e-03,
       1.60653610e-03, 1.94325540e-02, -1.14248404e-02, -4.40010428e-03,
       5.49226766e-03, -1.86999161e-02, -2.48235408e-02, 3.27589153e-03,
       -1.73836295e-02, -9.80816502e-03, -3.41980695e-03,
       -4.29692399e-03, -6.40277751e-03, 3.92725430e-02, 3.46677378e-03,
       1.71036255e-02, 1.76283985e-03, -1.85938962e-02, -1.69212476e-03,
       -4.60458361e-03, -2.53826380e-02, 3.43686971e-03, -2.90173348e-02,
       -3.34032103e-02, -2.51144543e-02, 4.83540166e-03, -1.62149314e-02,
       2.79182964e-03, -9.45352763e-03, 3.85889132e-03, -2.24459358e-03,
       -1.22778499e-02, 6.59174926e-04, 2.29582526e-02, 2.60579363e-02,
       2.31775157e-02, -1.66378599e-02, 1.21164452e-02, 5.98980021e-03,
       -3.12524848e-02, 1.69161917e-03, -2.01644041e-02, 1.73928146e-03,
       -1.74948517e-02, -1.92569476e-02, -1.91821028e-02, 1.46217886e-02,
       7.38322875e-03, 2.56527960e-03, -7.96034280e-03, -1.71797369e-02,
       3.01759895e-02, 4.85161245e-02, 2.52958182e-02, 1.85037293e-02,
       2.40929890e-02, -7.89180771e-03, -7.39513850e-03, 2.08275691e-02,
       6.07389864e-03, 3.13167982e-02, 2.12605111e-03, -3.42860445e-02,
       -2.08445676e-02, -8.76714569e-03, -2.33858894e-03,
       -1.34007642e-02, 1.09127779e-02, -2.85521429e-03, 9.86460503e-03,
       -9.49596800e-03, -1.60366688e-02, -2.58575473e-02, 3.07683852e-02,
       1.37675982e-02, -2.22844873e-02, -7.08089909e-03, -2.71432605e-02,
       -2.48376820e-02, 1.77344568e-02, -2.45815925e-02, -5.27719110e-02,
       1.07632810e-02, -1.21458806e-02, 1.19253416e-02, 1.41664781e-02,
       8.22246261e-03, 2.91489381e-02, 3.53383971e-03, -1.84548052e-03,
       -2.07611546e-03, 2.61507258e-02, 3.37712169e-02, 1.92794204e-03,
       1.11165689e-03, -1.23563521e-02, 1.34674730e-02, 7.26586394e-03,
       4.02503880e-03, -1.95403844e-02, 2.80916914e-02, 2.14841906e-02,
       -2.77030002e-02, 6.26729755e-03, -2.45292652e-02, -8.06350634e-03,
       9.31006871e-05, 1.47361457e-02, -2.22514831e-02, 1.70760881e-02,
       -1.39776450e-02, -3.86401941e-03, -1.48942228e-03,
       -1.66052934e-02, -7.23071303e-03, 8.94430745e-03, -1.04451436e-03,
       7.79174222e-03, 2.48766914e-02, -4.44969349e-03, 1.44698992e-02,
       4.24221307e-02, -1.24742184e-02, 1.51604405e-02, -8.10624007e-03,
       3.53099070e-02, 4.15191008e-03, 1.83681455e-02, 2.17691083e-02,
       -1.69823766e-02, 1.39500797e-02, -1.25205377e-02, -2.53704954e-02,
       -8.92771315e-03, 7.93661736e-03, -1.34990560e-02, -9.53424547e-04,
       -1.19415354e-02, -1.41162006e-02, -1.03427526e-02, 6.51721237e-03,
       1.19069060e-02, -1.20723248e-02, -2.21673083e-02, -1.60364956e-02,
       1.31958807e-02, -1.45312008e-02, 6.16139639e-03, -1.25342011e-02,
       -5.06556127e-03, -1.28186084e-02, 4.17758934e-02, 7.79268658e-03,
       -7.26174051e-03, 2.53462326e-02, -9.67728999e-03, -9.76136047e-03,
       -8.59739352e-03, 2.24806666e-02, 2.97286343e-02, -7.88367167e-03,
       -8.10414739e-03, 1.36478394e-02, 2.26824172e-02, -1.61510380e-03,
       -3.44512686e-02, 1.95553601e-02, -1.78421824e-03, 1.74868740e-02,
       -1.04144886e-02, -2.17043124e-02, -1.00934552e-02,
       -6.77046180e-03, -3.11973058e-02, 1.29714971e-02, -1.26100648e-02,
       -3.95079926e-02, -4.04332671e-03, 1.77923846e-03, 8.26863386e-03,
       -2.08042227e-02, 5.31664817e-03, 2.50913389e-03, 2.54622158e-02,
       -7.24599650e-03, -3.68164107e-02, -2.47273780e-02, 1.69050340e-02,
       1.91699469e-03, -1.64306872e-02, 1.92431342e-02, 1.86526962e-02,
       3.90738342e-03, 2.86589246e-02, 7.12000392e-03, 2.51329616e-02,
       -1.23851486e-02, 4.62260097e-03, -1.17285158e-02, 4.06488171e-03,
       -2.19157524e-02, 2.07849145e-02, 1.64353494e-02, -8.60801339e-03,
       -1.39403893e-02, -2.81848409e-03, -8.69182521e-04,
       -6.37334911e-03, 1.20337196e-02, 2.01412588e-02, 2.77492101e-03,
       -6.97571458e-03, -1.12188165e-03, 1.34098483e-03, 1.35733765e-02,
       -5.62125398e-03, -4.24561789e-03, 2.20925082e-02, 2.59369370e-02,
       -7.81750679e-03, -1.95992608e-02, -1.40066408e-02,
       -1.63801666e-03, 1.34237465e-02, -3.54564120e-03, -9.18834470e-03,
       7.90815428e-03, 1.81586278e-04, -2.94940197e-03, 3.04672569e-02,
       8.19390919e-03, 4.44197766e-02, -4.93170628e-05, -1.24374102e-03,
       -8.15191679e-03, 3.72592779e-03, 4.22979333e-03, -3.28323543e-02,
       7.48823211e-03, 1.45569639e-02, 4.25311038e-03, -7.91691709e-03,
       -2.00085472e-02, -2.58167069e-02, -9.21298633e-04,
       -2.84674633e-02, -1.83943044e-02, -5.64285414e-03, 1.41393067e-02,
       2.38562934e-02, 9.98830236e-03, 1.15403933e-02, -1.28349839e-02,
       3.27831949e-03, -1.17588518e-02, -2.91184895e-02, -1.26665961e-02,
       -1.16840303e-02, -1.20914343e-03, -1.44771731e-03,
       -2.83386726e-02, -3.95189561e-02, 5.38896630e-03, -3.24470215e-02,
       9.97760054e-03, 1.48628308e-02, 1.38384951e-02, -6.51937630e-03,
